70
900
2
3.90799e-11  0.985395  
41.631  176.643  
364.602  91.3306  
92.2976  487.217  
526.75  454.433  
233.178  831.292  
931.731  568.06  
556.094  50.8319  
767.051  18.9148  
252.36  298.197  
875.981  531.557  
920.261  515.431  
810.429  188.42  
886.314  570.614  
76.7746  815.274  
984.891  118.352  
893.906  784.484  
100.916  253.311  
19.8417  378.377  
678.877  680.923  
752.707  6.22945  
624.407  126.462  
617.55  770.928  
186.536  496.722  
509.5  315.939  
701.703  367.247  
876.312  370.995  
525.252  427.835  
542.743  667.979  
171.142  830.779  
861.905  769.221  
52.5795  966.73  
334.284  82.0965  
270.315  74.2624  
676.226  810.159  
464.211  569.185  
512.203  586.51  
738.759  871.689  
577.967  964.704  
333.529  392.828  
176.928  111.869  
852.681  811.172  
954.887  904.283  
138.915  686.187  
126.987  4.0902  
0.502785  192.952  
586.78  374.959  
26.7859  464.765  
785.343  442.235  
287.904  853.353  
525.972  728.417  
266.314  783.484  
468.044  196.997  
447.177  728.44  
966.093  756.841  
466.057  868.966  
134.039  846.053  
18.0877  940.855  
670.082  799.972  
143.217  610.46  
908.283  774.415  
366.065  944.288  
884.822  445.171  
163.028  424.817  
479.854  31.1283  
608.43  792.261  
182.497  525.121  
898.759  308.79  
942.626  388.025  
930.512  911.384  
337.718  532.812  
702.077  971.011  
768.085  751.941  
90.8641  853.967  
174.644  19.7704  
419.054  296.37  
378.232  418.716  
138.448  380.847  
299.78  21.0121  
238.803  37.1094  
221.059  525.435  
494.525  882.522  
773.83  59.0025  
119.801  547.801  
341.916  456.812  
588.122  585.15  
69.927  818.931  
403.161  585.483  
191.161  892.277  
176.332  207.704  
115.748  158.915  
992.644  681.571  
811.796  642.215  
329.342  737.553  
823.483  721.261  
657.982  358.774  
610.365  415.004  
814.954  773.965  
274.311  44.742  
601.041  514.091  
630.215  180.893  
278.501  452.489  
642.986  742.832  
413.655  618.052  
618.289  854.436  
181.457  307.928  
23.3282  9.18198  
951.453  990.755  
204.94  604.093  
935.652  559.567  
546.866  439.128  
449.752  306.805  
200.814  215.8  
49.8956  209.561  
574.563  914.82  
415.61  654.159  
355.701  586.702  
391.946  33.8502  
285.516  91.604  
444.385  925.937  
921.284  605.927  
861.146  14.7172  
686.701  844.568  
129.647  59.656  
13.0721  391.159  
865.676  15.0574  
924.289  886.719  
662.069  654.911  
76.3399  92.9771  
3.25213  526.67  
789.756  654.019  
545.893  798.389  
726.753  253.315  
255.246  138.354  
482.949  467.587  
100.876  504.214  
858.395  10.0477  
821.57  964.318  
19.4594  929.619  
63.0804  37.9622  
190.257  276.666  
447.314  649.382  
151.123  487.155  
649.658  534.28  
356.802  394.116  
721.992  724.702  
306.141  106.581  
910.78  740.914  
239.058  651.344  
368.411  26.1815  
849.258  41.8161  
56.1211  426.039  
479.733  501.694  
980.527  607.505  
912.656  750.416  
713.813  971.132  
29.2117  264.289  
18.3105  80.6761  
154.636  114.352  
756.538  938.249  
128.804  592.612  
122.524  599.178  
65.8728  256.026  
412.451  948.387  
353.495  16.9964  
973.425  762.359  
861.975  405.13  
867.867  36.7614  
208.479  423.333  
984.823  564.353  
576.262  468.223  
464.16  761.121  
302.084  417.257  
98.524  136.846  
698.138  180.448  
893.077  730.879  
302.287  141.218  
824.1  442.203  
590.112  977.622  
502.689  897.659  
724.808  261.282  
455.035  261.958  
960.489  16.9306  
940.439  901.961  
97.8709  521.122  
84.7016  795.402  
868.91  95.7817  
880.272  6.00615  
202.012  472.639  
644.231  933.968  
98.4262  570.898  
507.583  659.436  
892.915  735.755  
689.25  809.339  
240.409  763.515  
768.728  542.36  
481.051  414.38  
73.5676  526.698  
507.623  751.598  
131.093  9.37614  
763.973  101.193  
965.288  89.2442  
115.92  896.274  
745.245  218.53  
585.46  240.793  
884.46  396.093  
56.5028  927.216  
452.42  870.782  
230.231  488.962  
571.254  852.889  
218.364  920.511  
38.6261  408.39  
53.8191  105.162  
529.782  572.954  
114.494  42.5676  
500.902  724.749  
494.231  346.086  
35.0746  366.505  
915.601  504.929  
861.768  923.538  
15.3471  289.962  
239.358  716.462  
101.573  777.378  
244.662  431.663  
591.599  514.516  
768.635  721.587  
803.579  740.518  
506.18  818.314  
59.2642  575.87  
861.748  551.174  
828.654  124.058  
710.174  1.57201  
31.7971  291.344  
671.436  300.237  
433.837  273.296  
124.291  134.329  
104.943  416.033  
820.584  260.122  
148.33  13.8782  
221.272  352.915  
761.93  421.203  
686.691  526.691  
329.879  143.644  
375.358  744.665  
729.884  731.954  
173.76  556.697  
685.514  870.456  
558.393  344.739  
535.651  962.264  
923.171  752.715  
686.961  336.166  
360.733  707.908  
662.554  397.451  
13.7413  407.951  
667.512  219.446  
88.8169  617.571  
19.1816  217.242  
206.055  374.485  
399.823  293.948  
524.278  792.152  
397.1  727.059  
697.282  631.985  
123.042  733.361  
168.706  28.1082  
216.49  170.799  
170.083  528.646  
312.893  901.156  
443.719  79.1526  
136.992  535.29  
642.834  842.087  
969.753  340.412  
367.711  712.868  
45.6469  124.773  
258.288  965.184  
837.492  687.851  
688.702  808.773  
524.61  583.177  
683.919  460.254  
759.754  276.283  
316.928  65.9669  
148.406  472.621  
239.584  944.774  
330.58  260.945  
171.349  873.876  
863.814  478.475  
216.758  772.772  
102.704  207.741  
230.993  166.173  
265.02  804.494  
108.5  258.255  
879.562  215.2  
665.078  625.837  
792.525  345.951  
630.425  250.514  
35.9759  806.997  
405.085  438.404  
756.344  784.341  
480.335  715.9  
387.701  28.1683  
417.493  900.804  
612.354  834.165  
757.822  606.587  
861.44  405.708  
237.63  584.804  
105.243  490.458  
845.01  704.126  
104.651  692.993  
33.0962  426.893  
732.294  275.132  
335.741  314.019  
218.391  607.551  
579.483  70.587  
479.34  160.88  
292.917  657.304  
996.661  92.966  
51.6261  22.4522  
933.532  63.295  
712.304  556.107  
412.148  988.242  
460.36  699.764  
687.137  535.025  
576.024  542.324  
600.958  371.753  
897.791  245.56  
412.392  570.197  
290.063  832.116  
267.869  261.94  
493.32  65.9505  
109.539  233.001  
617.532  703.576  
258.866  803.192  
128.187  404.914  
808.443  161.266  
443.031  690.954  
29.097  542.918  
508.058  913.377  
438.81  863.972  
833.358  665.999  
872.171  914.567  
151.167  92.2657  
674.812  131.121  
895.94  315.506  
70.5783  581.422  
213.81  693.284  
306.999  804.998  
878.733  743.849  
577.276  867.274  
845.47  646.554  
97.7268  623.799  
803.995  930.262  
444.886  102.613  
942.635  850.835  
135.853  841.756  
683.185  552.864  
981.669  348.773  
753.355  209.897  
422.319  854.31  
21.4089  254.909  
532.371  627.505  
773.86  627.729  
790.272  112.535  
887.194  773.443  
857.243  479.736  
774.054  285.605  
291.724  197.939  
297.004  476.542  
313.978  404.809  
590.476  415.645  
867.308  46.9354  
43.8109  762.543  
434.994  490.307  
533.305  958.349  
456.499  963.68  
385.154  463.136  
36.4597  332.576  
868.259  945.686  
702.766  240.648  
198.498  861.911  
695.628  169.366  
854.752  186.674  
61.4069  918.223  
310.355  190.96  
289.511  998.56  
248.398  848.987  
427.422  457.75  
710.492  500.323  
300.612  340.71  
9.00238  827.981  
366.578  876.902  
273.7  608.564  
764.369  218.197  
194.412  373.621  
654.893  201.899  
428.968  437.495  
58.197  870.058  
666.101  306.156  
110.096  927.995  
939.546  410.016  
213.394  699.112  
284.144  292.981  
633.189  547.851  
587.271  747.304  
68.9482  956.784  
727.227  81.9872  
969.032  106.8  
90.6413  440.025  
380.172  711.056  
937.598  290.783  
941.99  174.689  
28.5232  387.987  
945.305  714.289  
461.379  336.545  
825.957  585.883  
890.016  703.631  
919.677  890.181  
631.414  357.848  
67.6589  792.193  
625.854  456.972  
749.714  292.908  
622.832  527.66  
797.972  697.903  
237.892  203.092  
578.003  556.564  
900.761  985.825  
438.034  401.726  
10.5695  477.996  
545.855  49.2697  
475.154  729.667  
235.276  357.432  
961.916  74.6424  
151.216  173.88  
679.416  192.994  
749.04  83.0794  
971.513  318.164  
707.502  516.01  
897.557  916.574  
146.312  698.158  
828.978  747.776  
992.856  830.125  
778.833  667.334  
665.123  248.648  
138.917  582.616  
379.54  175.742  
999.364  598.802  
756.52  991.894  
616.913  99.7007  
89.6034  868.316  
556.957  561.984  
225.576  556.367  
816.021  584.443  
735.675  293.196  
918.379  473.664  
157.721  165.792  
734.353  827.632  
974.665  46.0466  
77.5884  728.267  
538.749  922.804  
71.7326  237.515  
927.368  309.434  
728.931  999.725  
255.177  484.168  
127.023  511.578  
998.39  852.83  
311.062  421.436  
596.208  327.819  
457.622  469.884  
868.525  552.036  
635.386  55.2168  
469.349  211.341  
458.75  90.265  
725.661  864.116  
177.029  764.288  
288.849  352.192  
962.524  5.40993  
250.467  265.178  
876.898  90.6464  
899.379  321.905  
805.478  722.877  
479.585  260.901  
480.124  503.812  
957.014  639.628  
68.0288  611.262  
431.724  213.5  
19.1862  435.767  
905.344  574.822  
350.561  259.245  
301.015  893.831  
39.2974  846.019  
56.6365  724.551  
18.1514  158.967  
97.1701  363.671  
559.112  671.062  
316.299  517.762  
819.621  791.155  
843.438  520.703  
561.588  404.12  
773.436  917.08  
666.449  96.6452  
831.045  397.558  
17.8489  223.899  
721.142  238.074  
643.25  7.43158  
972.757  96.2819  
61.1293  545.193  
667.218  186.609  
513.874  180.096  
998.382  60.9063  
948.419  599.51  
549.341  926.818  
85.8356  325.443  
91.5002  243.319  
874.161  670.519  
678.279  235.385  
800.649  560.397  
579.377  601.434  
533.374  906.955  
898.543  572.246  
828.797  21.6981  
456.984  283.699  
570.828  214.712  
77.9817  203.492  
765.427  575.654  
851.232  800.253  
698.41  590.226  
316.103  349.143  
746.505  834.178  
12.9699  458.611  
314.558  398.833  
195.499  696.66  
435.045  844.583  
62.006  350.515  
917.694  524.647  
991.565  520.446  
863.172  759.068  
504.339  216.648  
469.778  22.6138  
2.78047  78.2817  
558.127  509.557  
490.997  587.194  
136.681  888.72  
67.121  917.522  
729  14.542  
894.317  698.749  
508.778  830.97  
889.769  217.069  
545.829  726.788  
540.194  821.913  
488.208  471.584  
23.0832  315.544  
703.843  394.255  
353.783  798.884  
518.482  239.946  
211.884  131.736  
533.013  751.298  
751.321  786.716  
727.639  326.24  
345.4  270.338  
886.705  483.204  
342.19  429.391  
857.912  457.25  
441.828  224.122  
923.117  214.331  
893.024  940.692  
562.849  928.692  
932.247  233.135  
679.31  458.608  
549.636  869.865  
767.137  282.543  
7.71965  42.1635  
30.0158  440.868  
512.701  643.365  
304.827  253.162  
946.721  9.6122  
222.067  448.47  
719.603  328.522  
978.476  122.629  
149.61  764.12  
680.142  904.895  
597.538  448.744  
514.675  423.55  
72.6783  879.651  
190.676  670.467  
621.91  94.9169  
630.738  6.70948  
376.392  845.452  
888.16  170.086  
239.261  23.9499  
572.789  851.269  
380.732  944.195  
691.683  823.838  
695.405  912.952  
37.2871  636.848  
355.152  519.772  
969.465  913.557  
447.147  446.322  
345.999  19.6333  
261.455  515.637  
245.247  456.917  
129.918  453.058  
108.709  758.816  
314.982  95.2578  
702.795  880.336  
503.814  882.905  
378.459  324.947  
132.817  618.121  
93.4124  282.963  
407.03  12.4673  
480.86  388.466  
297.29  237.954  
406.228  866.229  
508.332  906.234  
282.047  634.451  
878.872  914.181  
322.161  666.958  
569.162  822.48  
649.076  678.79  
834.634  683.346  
39.8606  76.707  
1.18701  950.31  
252.089  471.283  
226.753  624.113  
535.527  756.02  
736.531  591.635  
659.339  462.82  
890.126  67.6333  
698.431  459.502  
815.614  660.686  
884.149  986.607  
518.981  254.493  
70.0548  976.077  
641.506  163.681  
157.157  757.526  
139.414  820.092  
107.183  858.541  
549.849  142.562  
717.704  129.071  
588.139  202.245  
987.886  867.485  
199.887  419.269  
844.964  763.875  
927.29  307.945  
984.243  86.8963  
304.818  360.79  
182.456  671.749  
690.921  550.655  
336.751  482.22  
388.634  800.26  
648.797  148.191  
480.955  675.137  
382.797  266.389  
581.803  195.711  
873.085  6.72087  
708.614  623.765  
415.148  815.312  
949.603  85.5544  
145.061  639.99  
211.966  66.4255  
376.344  31.521  
484.609  908.717  
328.198  867.443  
71.0189  115.513  
30.9897  993.182  
688.779  297.365  
48.1244  231.439  
188.889  178.197  
700.31  445.372  
620.769  21.4452  
739.29  389.08  
110.855  860.067  
992.008  191.521  
390.581  866.816  
809.57  513.588  
112.716  327.402  
213.301  725.136  
346.313  862.519  
265.462  166.936  
805.679  559.73  
316.179  505.394  
616.738  437.797  
629.843  934.541  
377.046  480.033  
291.284  124.943  
248.642  285.735  
879.704  223.155  
114.347  36.8278  
900.472  244.192  
909.281  937.958  
433.103  14.7267  
45.0772  930.538  
517.967  573.622  
12.0211  313.598  
922.511  41.837  
365.05  826.002  
636.185  374.121  
167.178  795.772  
606.054  804.405  
825.447  573.578  
284.662  915.067  
60.2408  710.131  
788.616  82.7389  
401.953  173.289  
209.16  80.8627  
216.152  432.551  
551.529  118.587  
378.936  959.541  
162.922  848.858  
620.969  736.834  
422.625  433.698  
447.476  758.419  
73.1523  675.066  
841.202  408.338  
357.614  334.515  
538.076  575.211  
163.215  918.796  
106.324  595.726  
549.33  511.954  
887.244  706.708  
334.639  313.337  
801.359  850.575  
133.096  786.856  
271.694  41.0108  
242.937  147.004  
954.203  313.368  
814.484  974.507  
434.727  706.99  
537.349  257.373  
596.22  44.4474  
810.013  45.7719  
476.424  166.2  
677.027  161.255  
324.899  69.7619  
261.815  247.689  
382.626  301.954  
584.789  643.897  
3.77639  313.825  
464.08  613.021  
927.207  53.4655  
154.475  913.185  
297.527  226.048  
822.072  336.08  
898.007  667.324  
289.052  988.052  
659.081  571.688  
453.795  821.241  
968.828  694.289  
714.007  335.035  
460.809  554.9  
739.87  820.949  
568.241  446.268  
284.197  892.918  
193.273  168.965  
928.969  971.575  
780.508  746.505  
882.217  532.594  
42.7274  427.52  
114.12  208.363  
654.755  455.459  
292.458  687.791  
702.502  920.668  
509.505  994.804  
295.583  435.455  
627.437  361.991  
973.598  961.148  
977.835  37.115  
761.651  329.174  
981.592  967.897  
566.275  438.247  
185.172  171.118  
108.312  770.143  
992.625  487.987  
527.081  380.984  
593.073  406.646  
876.21  417.86  
901.626  258.189  
884.765  147.061  
737.169  693.719  
949.832  515.805  
520.547  271.444  
433.662  100.438  
886.825  835.098  
988.304  507.551  
239.296  273.883  
54.6073  617.876  
232.269  111.372  
565.301  614.287  
834.536  83.5928  
611.145  273.603  
203.597  607.668  
745.774  176.563  
378.453  500.391  
252.709  91.2983  
390.301  935.09  
74.2497  993.645  
988.12  894.795  
906.675  823.868  
800.5  25.411  
852.777  855.856  
504.72  65.312  
847.622  324.039  
875.781  944.1  
146.19  958.38  
446.779  235.425  
494.829  202.57  
760.606  214.648  
168.148  909.48  
742.681  125.124  
7.98818  135.931  
814.445  976.235  
573.493  601.694  
815.135  876.542  
826.305  381.593  
250.362  407.144  
710.808  301.509  
563.884  239.252  
27.6031  286.59  
85.4832  237.931  
73.5786  931.197  
672.837  828.006  
271.743  833.826  
296.835  851.203  
29.2453  665.862  
453.934  454.147  
136.624  560.636  
190.25  418.964  
402.445  649.457  
132.437  501.697  
855.203  505.375  
510.586  763.841  
642.102  845.43  
76.9696  70.0534  
818.454  190.383  
748.236  147.094  
111.574  780.798  
982.528  137.488  
721.836  33.444  
429.929  984.188  
506.897  216.907  
425.786  313.102  
901.832  994.886  
921.071  567.77  
530.23  585.761  
529.434  839.625  
234.278  713.79  
412.383  238.288  
723.922  367.732  
695.904  385.403  
947.667  864.276  
315.359  84.0535  
805.205  454.633  
500.723  821.188  
842.303  971.657  
249.074  175.432  
932.329  941.544  
871.859  615.774  
700.133  468.271  
165.106  541.913  
80.0172  721.437  
623.834  704.269  
120.252  340.092  
927.89  586.205  
105.459  718.574  
263.978  683.786  
621.574  317.775  
844.533  396.053  
145.615  589.811  
743.095  973.529  
616.789  199.555  
221.152  462.383  
702.425  247.353  
483.958  139.755  
780.739  558.478  
12.0589  641.422  
144.603  612.164  
588.409  930.802  
411.496  782.728  
23.5962  808.846  
382.989  594.168  
597.488  693.359  
613.878  125.346  
936.225  545.568  
161.032  413.521  
558.899  748.381  
522.858  198.426  
616.436  367.663  
742.77  26.6552  
442.231  993.518  
328.234  136.929  
804.343  466.995  
777.774  601.47  
134.785  468.667  
562.146  478.518  
283.298  664.502  
775.801  697.942  
349.42  872.217  
967.464  658.377  
64.6588  294.662  
933.524  53.6053  
780.78  47.8123  
277.756  901.764  
953.805  37.5246  
